donor_ID
32768
98305
65537
65545
32780
65550
98322
98325
32790
65560
32793
98329
98331
32797
29
31
98336
98340
65573
98343
65576
65581
32815
50
51
98357
65593
32827
65596
98365
98367
98368
67
65610
98381
65613
32847
80
98389
65624
88
95
32864
98405
32870
98407
98409
65643
98413
98417
32884
32886
32887
65661
98430
65663
65666
132
32903
98440
65673
32909
65680
145
65683
98452
65690
65691
65693
32927
98465
32931
65700
171
32940
98479
176
65713
175
32943
98484
32949
32950
182
98488
98483
32945
32958
65728
193
194
32963
65729
98501
202
65739
204
98511
98512
65746
98526
65759
227
65764
65765
33001
33008
98544
33012
65787
98555
98558
65793
33026
65795
98561
33029
65797
98569
65801
266
98570
271
65810
65811
33044
277
278
279
33057
98594
98597
98607
65849
33086
33090
65860
98629
65862
336
337
65879
65880
98649
343
33117
98653
65888
65889
33121
65892
33126
359
98662
362
98668
65901
98672
373
98677
65911
65914
98688
388
65927
65928
392
98699
404
65942
33176
65949
65952
98721
98722
418
420
422
65962
65965
430
435
436
33204
444
65981
98750
447
98752
65985
33218
98748
65989
454
65993
33229
65998
98771
98773
33237
33240
478
66016
66019
66021
98793
33263
66034
98803
98804
66036
33269
98813
515
66055
66057
98825
524
33294
98835
33299
66069
98838
532
98843
98844
98845
98848
33312
33314
98855
98857
33325
98862
98865
98866
33336
569
98875
33340
66113
33345
66117
582
583
66128
66129
595
98900
597
33365
66135
601
98907
609
33381
616
33385
617
66156
98930
33397
98933
33401
98937
33403
66172
98940
98945
643
644
645
66181
33413
33419
98957
66189
98959
98962
98963
660
98964
98971
66204
98973
668
66211
98981
33450
66219
33454
687
98994
98995
695
33468
33469
33470
99008
66241
99011
99013
33480
66249
99018
33481
66253
66259
724
725
66264
99038
735
736
66277
66278
33511
33513
750
66290
755
33526
66295
33531
66299
765
775
99082
782
66319
99091
66335
800
66338
804
99116
33581
66352
33585
33587
823
66362
826
828
33599
839
845
33614
33617
66389
99160
857
66409
33649
66419
99188
66421
99190
33655
33657
33658
99196
66436
99205
902
909
99219
99220
918
99225
99228
33696
33701
933
33704
66473
66474
938
99244
66480
99250
33719
954
955
957
66494
958
968
33736
972
33740
66517
33751
99299
66535
99303
33771
66540
66541
33775
1008
1010
99315
66549
66550
99317
33785
33787
66558
1030
33806
66575
33811
99348
33812
33815
1047
33816
99358
33825
33826
33833
99370
99372
1069
99375
66608
33840
33842
1074
33843
66611
99383
99386
1085
66622
66623
33859
66631
1098
66639
99411
99415
1111
33881
33887
66658
99430
66672
33907
1140
1141
66681
1145
99452
33918
99458
66698
33930
66700
66701
66702
33932
33937
66712
33945
33946
66718
99489
66722
33955
99494
33963
99499
66733
33967
99504
66744
99516
33983
99520
99521
1218
66756
33994
99535
99536
34008
34009
99545
34010
66782
99552
34017
66788
99559
1267
34035
1269
34038
66806
99577
34042
34045
99584
99585
34055
99591
66828
1292
1293
1294
66835
99604
66837
34071
99608
1306
66846
34079
34078
34085
1317
1319
1320
99625
99635
66867
66868
34103
1337
99643
1340
34109
1343
99649
1347
34116
99653
66887
66888
1358
34132
99670
66903
34138
99676
34149
66926
34159
1393
1396
1397
1399
1401
34175
99717
99730
34196
1429
66966
1431
1432
34201
66971
34204
1437
99742
34208
99750
34215
1448
66992
66995
99766
34232
34237
67006
99774
99776
1476
1477
34250
99787
34254
67025
34260
34266
67035
1503
1505
1506
67043
1512
34289
67058
1526
34297
99846
1543
1552
1553
34323
1557
1558
99864
34329
1562
34331
99866
67101
1565
1560
34336
67106
67117
99889
67124
67128
67129
34362
67134
1615
34383
99927
99932
34398
1633
99939
34405
67180
99950
1647
99952
67183
1651
67190
34425
67193
99963
99964
99965
34429
1657
67195
34433
1667
34440
34449
99987
1685
34454
34455
67223
34457
34461
1695
67236
1701
34469
34471
1708
67245
67246
34476
1714
34487
34488
1721
34493
1726
1727
1725
34500
1739
67281
67283
1748
34520
67292
67296
1761
1782
1786
34556
67324
1788
1792
34566
1802
1807
1809
34581
1816
67356
67358
1824
34594
67362
34604
1841
67380
67383
34616
1847
67386
34624
67394
1859
1860
34631
1863
34636
34640
67412
1877
1886
34655
1888
67429
34663
1897
34666
67439
34683
67452
1916
67454
67462
67464
34698
67467
1936
34705
1937
1939
67477
34710
67486
67491
34729
67501
34736
67510
67512
34745
67513
1979
34749
34750
34752
34757
1998
1999
34771
2006
2007
34777
2019
67564
67565
2028
34801
34807
67575
67577
67582
67583
34817
34822
67590
2056
34825
2063
67603
2068
67605
67607
34842
34847
2091
67633
2103
34874
2113
34882
2115
67654
2118
34889
67658
2127
34898
34899
67668
34902
2135
2144
34922
34930
34932
34933
2173
67710
2177
34946
34950
34953
67723
34955
2190
2192
2198
67735
34973
2219
34991
2223
34996
35000
67773
67789
67790
35023
67795
2260
67796
67799
67800
35036
67807
67823
35061
67832
35068
67846
35079
67848
2316
2322
67862
2337
35113
67892
2359
35128
67899
2365
35134
2367
67904
2373
67910
2384
2390
35159
35166
67937
2403
35172
35175
35179
2413
67952
67953
67954
2423
35193
35194
35198
67967
35199
67972
35205
2447
35216
67990
2457
67997
67998
35234
2473
35248
68017
68018
68020
2490
68029
68030
35267
68036
35268
2516
35290
68064
2533
68070
2535
2544
35319
68087
2560
68102
2570
2582
2586
35354
2588
68125
35356
2589
35355
68130
2595
68136
35374
2614
2624
2626
35395
68164
68165
35398
2635
2637
35409
2641
35412
2645
35413
35415
68185
2650
35420
35421
2654
2656
35427
68197
35431
2664
2670
35443
2683
68223
2691
2692
68229
68227
68232
35466
2703
35472
2705
68243
68247
68258
68262
35496
68265
2730
68266
35497
2733
2735
68273
2740
2745
2753
35526
2758
35530
68299
2772
2773
68313
35549
2785
35557
35562
35573
68345
2809
2815
68356
2842
2845
35618
2853
35621
68390
35625
68394
35631
68401
2866
68403
68408
2875
35645
68414
35648
68417
2882
2884
35655
35661
2896
35664
2907
2908
2912
35683
68453
68455
35688
2921
35692
68464
2929
2933
35702
68476
68479
35713
2946
2947
35720
2956
68495
2961
35735
68504
35737
2972
35742
2979
2980
2982
68527
35767
35768
35778
68549
3014
3017
3025
3026
35799
3032
68569
68570
35808
35812
3047
68591
3058
3059
3060
3064
68602
3072
35844
3079
68624
68626
35858
3092
35859
3099
68641
68643
35876
68646
35882
35885
35888
35895
68665
3136
3137
35906
3143
68683
3149
35921
35926
68694
35930
3165
68701
3169
68707
3171
3178
68722
68728
35961
3204
68744
3212
68749
35988
68758
3226
36007
3251
68791
68792
68793
36030
68800
68802
36035
36037
36040
3276
68813
36049
68818
36051
36055
3295
36063
68837
3312
3317
36088
36093
3328
3337
36105
36111
68879
68883
3348
68885
36119
3353
3354
68889
3359
68895
68896
36134
36140
68909
3374
3373
3380
3386
68922
68926
68927
68938
36176
68945
36178
68950
3416
36190
36194
68966
68968
36202
68971
36204
68973
3438
36207
36206
36210
36211
68983
3448
3447
3450
68984
36220
3453
36222
36224
36225
68994
36227
3463
69006
36242
3475
3481
69019
3486
3490
36267
3502
69041
69044
3511
69047
36282
69055
69056
36293
3527
69064
69069
36302
3539
36312
69081
69090
36325
3562
36331
36335
69105
69106
36343
69112
69113
3587
69126
69129
69134
36385
69154
36387
69158
3631
69168
3638
69177
36410
3642
69179
69183
3661
69198
3669
36442
3674
69213
69216
36449
3682
36448
3685
3690
3691
3697
69233
69242
36476
36479
69247
36481
36482
69259
69267
69273
3747
36516
69294
69296
69300
36535
3776
69313
3780
69317
3782
3784
69324
3788
69336
36569
69343
36581
69362
36596
3828
36599
3833
3839
36611
3846
3854
69392
3874
3884
36655
3890
69437
36673
36680
3913
3917
3929
36699
3932
36701
36700
69472
3937
36705
69473
69475
3947
69485
3950
69489
36725
36726
69496
36728
69499
69508
36740
3981
69519
69520
69521
36754
36756
36757
69528
36768
69536
69538
69539
4004
69542
69545
69546
4013
4016
36794
4029
4032
69573
36806
4039
4046
36814
36817
36819
36820
69590
4064
36836
36841
36842
4073
69614
36847
36848
4089
4092
69634
4100
4103
69642
4107
36876
36879
69648
36883
69658
4131
69668
4139
4140
36907
36913
69682
4145
4157
36927
69700
4168
69706
36939
36945
4179
4182
69718
69725
36959
4203
69741
4206
36986
69763
36998
69767
4234
69770
69772
37003
69775
69780
4247
37015
69785
69797
37034
4267
4273
4278
37047
4279
37048
69818
4287
4288
37056
37062
69835
4305
37074
69847
69851
37083
37086
69856
4329
69866
4330
37099
69868
37097
69871
37106
37107
37108
4344
4345
69883
37119
69888
69893
4363
37134
4367
37136
4366
4370
69908
37148
69922
69923
69924
37160
37161
69930
69934
69938
4404
4409
69946
4411
37183
4421
37190
69958
69972
69974
37212
37215
37219
37221
37225
37235
37238
4473
37246
37250
4489
37259
4493
4494
4496
37266
4506
70043
4511
70048
70051
70052
37288
70058
37294
37297
4534
4550
37318
4553
4554
70108
70114
4579
70117
37353
4586
4587
37358
4592
4604
70146
37379
37384
70154
70164
4631
4632
70169
70168
70176
37409
70177
4641
4647
37418
4651
37426
4664
37437
4671
70211
37443
37446
70214
70220
70221
4687
37458
4695
70234
4708
70248
70253
4718
37489
37490
4722
37498
37504
70273
70277
70279
4744
70280
4750
4756
37529
4763
37534
37536
37538
4774
37550
37555
70324
70325
37558
70330
37563
70333
37567
4800
70336
70343
4808
37577
37578
70350
70351
37585
70355
70362
4829
4830
37603
70372
37608
37617
70386
70389
4854
37623
70393
37628
70396
70401
37637
37641
70418
37651
70425
37657
70427
37660
37659
4894
37665
37669
37670
37672
37682
4917
4919
4928
37712
37725
37726
70493
4960
70497
70498
4963
37739
4971
37741
70510
37744
4981
70519
37751
37754
4988
70526
37761
70539
70543
5007
5011
70547
70552
37790
70563
5032
5040
37813
70582
5048
70587
37824
37829
5061
70606
37849
70618
5082
70625
70632
37864
5098
70635
37871
70640
5105
37874
70656
37891
70660
37893
5130
70676
70679
70681
5146
5145
70686
5155
70692
37929
5170
70707
70711
70712
37948
70718
37951
5184
5187
37956
70725
70727
70732
70734
5198
70736
5200
70738
37971
37967
37973
70741
37972
37977
5210
37983
5217
5220
37993
37994
70769
70774
38008
5242
70784
5249
70787
70790
38033
38035
70805
5282
5285
5286
38056
5293
70831
70834
70835
70841
38076
70849
5317
70853
70855
5320
70858
38094
5330
38101
38109
70880
38113
38118
5351
38120
38123
5356
5357
5358
70895
38127
5355
38133
38134
70904
70905
38138
38139
70910
38152
70928
38161
38169
5403
38172
70943
5408
70950
70953
70957
70965
70970
70973
38206
38207
5441
5444
5446
70987
38224
38225
5457
5459
38234
5471
38239
38246
5496
71034
71039
5505
71042
71046
71049
71050
38284
5519
38297
5534
38313
71081
38316
5552
71088
71089
71091
71092
5562
71104
38341
71111
38343
38353
38354
5586
38362
38365
5597
5598
5600
38369
5605
38375
5608
71151
38391
5624
38393
5630
5631
5632
71175
5640
38407
71193
38440
5684
38457
5690
71230
38467
38476
38480
71252
38485
38488
5725
5730
5735
5737
38507
38508
71278
5744
38512
5747
38520
38521
5758
71296
38529
5762
38532
71306
38541
38548
38551
5787
5795
38564
5803
38574
5808
5815
38595
71368
71369
5836
71375
38611
38624
5859
38627
5870
38641
38643
5876
71415
38652
5894
5898
38672
71445
5909
71449
5920
71459
71461
5931
5932
38701
5935
38710
71479
5943
38728
5961
5963
38733
38735
38738
38747
38750
71518
38756
5999
6002
71539
38774
71542
38777
6012
38782
38784
71553
38789
6025
6028
6033
6034
6036
38805
71574
38804
6052
71597
6069
38840
71610
71611
38848
6082
38856
71625
6098
38880
6114
6115
71652
71653
6120
6121
6122
71657
71662
38895
6128
38899
38908
6140
38910
38915
6149
71687
71696
38929
71697
38935
6169
38940
38947
38949
38950
71719
6185
6186
6187
38956
71729
6193
38972
38973
38979
38983
71752
38988
38989
6222
71759
6227
71770
6246
6247
6274
71812
39047
39049
39051
71822
39055
6290
71827
71832
6310
71846
71848
71851
71857
6321
39091
6324
6326
39095
6328
39101
71876
39109
71879
6344
39113
6347
71886
39121
39122
39124
71895
71899
39133
6374
39145
6387
39159
71933
71939
71943
6412
6425
6426
39195
6428
71965
39209
39216
39217
6451
39220
71990
6466
6470
39239
39243
6476
39246
72014
39249
6491
72027
39262
6499
72037
72038
6505
39279
6513
72049
72052
39285
72054
72055
39290
39294
6532
39311
6545
6548
39324
39325
72103
72106
72109
6577
39348
72120
6585
72122
6593
6594
72130
39365
72136
72137
6602
6605
39374
72143
72148
39381
39388
39389
72160
6625
72170
6636
39405
72174
39408
6644
39413
39417
72189
72196
72199
39437
72205
39440
72209
72211
39444
72213
6677
39455
6689
6691
72229
6693
39463
39465
6703
39472
39484
72257
39502
39503
72270
72274
39508
39509
72278
72282
72284
72286
6763
72301
6771
39545
72315
72325
72328
6793
6802
39580
72348
72351
6818
72354
39589
39592
39596
72374
39611
39614
6846
6847
6852
6853
39622
72391
72392
39625
72390
39627
6854
39623
39638
72410
39649
6883
72421
6888
72425
39659
6892
39661
6894
39663
72443
39679
6915
6918
39687
6921
6922
39693
39694
72482
72483
6954
6955
6956
6963
72499
39739
72507
72516
39749
39753
39756
72527
6992
72529
39763
72534
72535
7007
39777
7009
72549
72550
7026
72582
7047
39816
7050
72587
7052
39826
72596
7061
7067
72611
39844
39847
7081
39855
72631
72633
72635
39871
7104
72639
72651
72669
7134
7135
72672
39903
72688
7157
72694
72696
7160
7164
72704
7172
72710
72715
7180
7184
39956
39970
72740
39974
7210
39980
7212
7218
39987
72775
7247
7248
40018
7257
7262
40034
7268
40036
40038
72808
72810
72814
7279
72815
72822
72826
72833
7298
72837
7306
7307
40075
40079
40080
72851
40084
40087
7325
72866
7333
7336
72877
7349
72897
7364
72905
7372
72910
40148
72921
40153
7388
72931
7399
72942
7412
72952
7417
72955
40187
72958
72966
7440
7449
72986
7453
7458
72996
40238
73008
7474
73022
73026
40263
7497
73038
73039
40270
40275
40282
7515
73053
73054
73058
7525
73074
40324
73105
40337
73106
73109
73113
73116
7581
40349
73122
73127
40361
40371
40372
40376
7608
73149
7616
7619
7625
7627
40396
73163
73167
40405
73178
73179
40417
7649
73185
7652
73190
7654
7668
7670
73210
40449
7686
73223
7694
40466
7700
73238
73245
40478
40479
73248
40482
7715
40484
7716
40487
40500
7733
7741
73278
73282
40521
73289
7755
7760
73299
7765
40535
7770
40542
73311
40544
73310
73316
73322
73323
40556
7790
7797
7805
7806
7813
40582
7814
7817
40587
40594
7841
7843
73379
40617
40619
7856
40630
7870
7871
7878
73418
73419
73423
73426
7891
7895
73436
40668
73438
40673
40676
40679
73456
7921
7922
73462
40716
40717
73484
73490
7955
73498
73499
7975
7981
73517
73533
8003
40776
8035
40804
73578
73580
73587
73593
40825
40832
73605
73608
40842
8075
40844
73626
8099
40868
40871
40875
73648
40882
8115
8119
8121
8135
8137
73674
40908
40913
8151
40920
40922
8156
40925
73693
8170
40940
40941
8177
73714
8179
40947
40949
73720
8185
73735
40969
40974
8207
40976
73742
8211
40982
40983
73753
73754
40985
40990
73761
40993
41000
73769
41011
41015
8248
73784
73786
8251
8247
8249
8257
41028
8265
8266
73805
41040
8275
73813
41050
41054
73829
41062
73841
73856
73864
41107
73889
41126
8371
41141
8378
73918
73922
73924
73928
41168
8403
41171
73943
41177
41181
8413
73953
73958
8427
41204
8436
8439
41208
73977
8447
8450
8453
41223
8457
73998
74005
41244
8480
8483
74025
41258
8498
41275
74044
8509
74045
74049
41282
74055
74059
41296
74065
8529
8540
41309
8541
8544
74082
8549
74088
74092
74093
74096
74097
41329
41338
8571
8574
41342
8576
74115
8580
8588
41358
8598
74146
41378
41381
41382
8615
8616
41385
74155
74158
8622
8624
74161
74167
8642
74184
74192
8659
8662
41432
8667
41443
74220
74227
8697
41466
74238
41480
8714
41484
8716
74255
74256
8720
41490
41487
8731
74280
41513
41519
41521
41526
41528
8761
8765
8766
8768
41537
41543
8784
8789
8790
41563
74333
74340
74343
74350
8819
8820
41589
41592
41597
74368
74375
8839
41607
8844
8851
41624
74393
8866
74404
8869
8879
74420
41654
41658
8892
41661
74432
74435
41680
8916
41685
8918
8926
41704
74474
41707
8942
8943
8944
41713
8946
41716
8950
74490
41722
8959
41729
8962
41732
74505
8971
8972
8977
41755
8993
74533
9001
74537
9004
74552
9016
41785
41788
41793
9026
9028
41798
74570
74577
74585
74594
9058
74602
9070
9072
9074
41852
9089
74627
41862
74637
41870
9105
41875
41877
74646
74654
74660
41893
74663
41899
41900
74670
74673
9152
41926
9161
41930
9165
74701
74703
9168
9173
74711
41945
74722
74723
9190
41959
9202
74743
74744
74745
41982
41983
74752
9223
9224
41994
9242
9245
9248
74786
9253
42022
42028
42033
9269
42041
74809
74818
9282
42058
42068
42077
74847
42087
42088
9325
42098
74871
74872
74874
42109
42117
74887
74889
9354
42124
42127
42134
74902
74905
9370
9373
74914
9380
42152
74920
42154
42164
42165
42168
42171
42178
42183
9421
9427
74974
74978
9454
42227
74996
9461
9462
42234
9467
75002
75008
42240
42242
75012
75013
75015
42248
42255
9502
75043
75044
75047
75057
75059
9525
9526
9537
9540
9541
9549
9551
9557
9558
75093
9560
42326
42333
9567
75109
42351
75120
42352
75128
42369
9603
75141
42385
42387
75156
9619
75155
42391
42400
42403
42408
42411
75180
75182
9647
9650
42420
75193
75196
9664
9668
9672
9673
42451
42452
9686
75223
75222
9696
42465
42467
75238
75248
42484
9723
75268
9734
42508
42512
42514
75288
75289
75291
75292
42524
42528
75298
42538
9770
75308
42550
75320
42553
42557
75332
75333
42564
9799
9797
42574
75347
42580
42586
9818
75357
75362
75363
75364
42597
42599
42600
75386
9851
42620
9854
75391
42623
75405
9871
42647
75419
75421
42658
75426
42668
42672
75448
9921
42690
9924
42699
9936
75480
42719
9953
75497
9968
75510
75520
75521
75527
42764
75536
75538
75541
42783
10018
10029
42799
75572
42806
75585
75592
75594
42827
10063
10069
10073
75616
42848
42851
42854
42860
75635
10110
42879
10115
42884
42886
75660
10132
42906
10141
10142
75687
42921
42936
42938
42947
10188
75725
42958
42959
75727
42963
75740
10205
10207
42976
10212
10219
75755
75757
10222
75764
42999
10238
75782
10252
10253
75790
10258
43028
75797
10262
10260
10264
75802
75815
75817
75820
75822
43055
10292
43061
43062
75829
43064
75836
10303
75845
43087
75856
75857
43093
10329
43100
75882
75888
10353
10352
75891
75892
10361
10362
75908
75912
10379
10382
43152
10391
75928
10397
75939
43173
75943
75949
43185
75958
43192
75962
10427
10433
75976
10441
10446
43218
10452
43226
76000
43235
10467
76006
76016
10480
10483
76024
10489
43260
10492
10503
43283
10517
10525
76064
76065
10537
10538
43308
43314
10548
10550
76088
43337
10572
43347
76115
76117
43351
76124
43361
43362
76134
10602
76140
10605
10610
43382
10615
76161
10636
76176
76177
10641
76178
43412
43411
76184
76188
43421
43422
10654
76194
43426
43428
10659
43437
10672
10675
10683
10685
43455
43457
43458
43459
10691
43465
76234
76235
43471
76240
43474
76243
76251
10715
43490
43508
10744
76281
10750
43522
76292
43525
10760
76299
10765
10769
10773
43542
10774
76317
10782
10781
10784
76325
43557
76336
10800
76341
76352
43594
43598
76371
76373
43608
43611
43612
10846
76382
43616
10848
10850
76388
43625
43628
10865
10879
10880
76418
76420
10887
43662
10911
10919
43688
43691
76460
10932
10935
76479
76482
43716
76486
10952
43724
76497
76499
76500
76506
43738
76510
10975
76516
43748
43751
10985
10989
76528
43764
76536
11002
11005
76545
76551
11021
43790
43795
43797
11029
43798
43813
11060
76597
11065
43840
43842
11083
76622
76623
11093
11095
76633
11101
76637
76639
43874
43882
11116
76660
43892
43896
43899
76676
11147
43917
43926
43929
11162
43936
76709
11174
43942
76713
11177
76723
76741
11208
43984
76752
43989
11227
43996
44000
11237
44015
44016
44023
44025
11264
11268
76807
76809
44043
76813
11277
44049
11284
11286
11291
44060
76837
44070
11307
44075
44077
76846
76859
44095
44099
44102
11338
11342
76882
11350
76886
76888
44121
76890
76892
11360
11361
76897
44133
44137
11371
76908
44142
76916
76919
11387
76923
76928
44165
11398
76936
76938
11403
44172
44180
76952
44185
76956
11422
11427
11433
76977
11447
76983
76985
76997
11468
11469
77005
77009
44252
11485
77021
44260
44261
11493
77031
77035
11502
77040
44277
44279
11512
77053
44286
11520
11526
11535
77072
77073
44309
77087
11552
44324
44325
77094
77096
44334
77115
77122
44355
77124
11589
11590
77129
44366
77134
44378
77157
11625
77161
11635
77172
11642
11645
77182
44416
11648
77186
11651
77187
77188
44422
11660
44437
11671
44442
44443
77213
77215
11688
44458
44461
11695
44467
11700
11699
44471
11711
44482
44484
44486
11718
11724
44495
44499
11732
77274
77275
77283
44521
11759
44534
11766
44537
44545
44551
77321
44555
77324
11795
11799
44568
11804
11805
11806
11808
77348
77350
11817
77357
44592
11831
77373
11837
11852
11856
11863
77400
44642
77414
77415
44649
77429
44663
44664
11898
77436
11901
77443
44675
44677
11920
11924
77464
44701
11935
44704
44706
44709
44710
11945
77485
44718
11965
77501
44736
77508
77510
11976
77513
77518
77521
77522
77525
44769
12004
77541
12006
44775
44777
12012
44788
44790
44791
12037
77575
44811
44814
12049
44821
44823
12056
44824
44830
77601
44839
12071
12075
77613
44857
77627
44865
44868
44875
77646
77650
12116
77654
77656
12125
77662
12130
12131
77669
44902
77675
12142
44913
77695
44933
77714
44947
44952
12187
44955
12189
12190
77732
44965
44967
44968
12200
44969
77740
12206
44976
44977
12213
44982
77750
12218
77755
44986
12220
44990
77759
12225
12226
77765
77770
45003
77772
77781
45015
77786
45020
45030
12264
12269
45038
77813
45047
77819
45052
12296
45065
77839
45071
45074
12307
12309
77846
12315
45087
45090
77859
12323
77862
45094
45097
77866
45098
77869
77870
77871
77875
77878
45111
45112
45115
77888
45125
12358
77897
12374
45144
77924
45162
77939
12408
45179
77948
12418
77954
77963
45196
12429
12436
77973
12443
77982
77984
12449
77989
12454
12457
45227
78000
45236
12479
45247
78017
12482
78016
78021
45260
12501
45270
12506
78049
78051
78054
78055
45296
78067
45303
45306
78076
12548
78091
12561
78109
12581
78118
12584
12587
12589
78130
45362
45365
78135
78137
45375
78143
45378
45379
78148
45380
78150
78154
12621
45390
12628
78165
45399
45402
78171
12639
45412
12652
78193
45428
12663
12664
78203
78205
12672
12678
45446
45447
78218
78221
45454
12687
12688
12691
45459
78230
45464
78239
12703
12709
12724
78262
78265
78266
45499
45500
45501
45506
12740
78284
45518
78292
78303
78305
45538
12774
78311
78317
45550
78320
78322
78327
12793
12798
45566
12803
12804
78341
45578
78347
12812
45581
78350
45584
78353
45587
45589
12821
78357
78362
12835
78379
78392
78396
45630
12863
78400
45635
45637
78407
45641
12882
78422
45658
78427
12894
45668
12901
12902
12913
78452
45688
78457
12922
78460
12925
45696
45702
45703
12939
12941
78480
45727
78502
45740
45744
78514
12988
45758
12995
78546
78552
45786
13018
45788
13024
45801
13038
78583
13050
45820
13053
78598
78606
45840
78609
78618
13083
13085
45863
78633
13102
13103
78641
45874
45877
78647
45884
45895
45896
13137
13146
45920
78688
78690
13154
45924
78695
13161
78698
78705
13171
78709
13174
13176
13181
45957
13190
13191
78731
45963
45967
45968
78739
78742
13207
13214
78750
45986
45989
78760
13230
13231
45998
46010
46017
78790
13259
13260
13265
78809
78812
13278
78817
46059
46066
78838
13304
13305
13306
46079
13315
78853
13318
46085
46090
13326
78864
46097
13328
46101
46102
78873
78878
13347
13348
78886
46118
13351
13354
46122
46127
13362
78899
46136
13369
13371
13372
78908
46144
13377
78916
13383
13385
46162
13396
46172
46181
78965
46200
78973
78975
78976
13440
13443
46212
46213
46214
78983
46211
13451
13452
13461
78998
46236
46239
46242
79012
79014
46248
46249
79018
46255
13490
79033
13498
79035
79038
79039
13505
79043
13509
79049
46284
79053
13516
79055
79052
79058
13524
13525
79070
46303
13541
13542
13550
13551
13555
79098
46332
13564
79102
13567
46336
13569
79109
79110
46342
13580
46349
13583
13584
46353
79124
79138
79140
46373
79144
79145
79151
79156
13626
46397
13630
46400
79171
79174
13640
46415
13647
79188
79191
46424
46433
13667
13668
79205
13675
46445
46447
46454
79227
46460
13695
46464
46467
13704
79246
13712
46483
46484
79254
13721
79259
46494
13741
79278
79282
13747
13748
79290
46523
79292
13771
79319
46557
13795
46565
79335
13799
46570
79344
13815
79351
13817
13816
79356
13821
13825
13827
13828
13830
46605
46606
46608
13842
46613
13857
79400
46645
79418
79422
46656
13889
46658
46659
46661
13894
13896
79434
13902
46677
46679
46685
13918
46699
13933
46703
13940
79480
79484
46721
13958
79497
79503
13970
46739
46744
79515
79519
79520
46758
13991
79534
14000
46769
79539
14006
79542
46788
46789
46792
14025
79568
46802
79571
14038
46810
14043
14045
14047
46822
79592
14064
79602
46835
79604
14073
46859
79630
46864
46865
46866
79637
79641
14106
46879
14113
14115
79652
46890
79658
14123
14132
79670
79671
14135
79674
14150
46918
14164
46933
46934
46932
79704
79708
46941
46940
14179
79720
14185
79726
14190
46959
46960
79733
14197
14199
79736
14204
46977
14211
79749
14214
14222
79759
79762
79767
47001
79770
79783
47019
79789
47024
47035
79804
14269
14271
79808
47042
14276
14277
47048
14281
47052
14285
14288
47058
79834
79835
47071
47074
79843
79854
79863
79864
79866
79874
14339
47115
79888
14354
79892
14357
47126
14356
14360
79897
14364
79902
14372
14373
47146
79920
14393
79947
47184
14420
79965
14437
14441
79977
79994
79995
47233
14465
80013
80015
47247
47252
14487
14488
47258
80029
14495
14497
80036
14504
14506
14507
14512
14513
47287
80057
14522
80058
80060
14526
47302
14535
47309
80085
80086
80087
80088
14560
14568
80105
47344
14577
14581
14582
80118
14583
47352
14587
80125
47358
80129
14595
14598
80135
47366
80137
80139
47372
14607
47376
47378
14619
80156
80159
80162
80164
14633
47402
14640
80178
47415
14647
80189
14654
47427
14662
80207
80212
14679
47447
14682
47452
14685
14689
80226
47458
80232
47464
14698
14700
14709
80248
80258
14728
47497
80264
14735
80284
80285
14763
14770
47554
47556
47558
80330
47564
47565
80335
47570
14810
80349
14814
47584
47588
80358
47594
80369
14842
80379
14843
14844
47616
14849
47623
14860
47634
80404
14877
14880
80418
14883
47657
80426
47659
14892
47666
47668
47669
80439
47675
14916
47685
80453
14926
47699
47702
80473
47715
14948
14950
80488
47721
14954
80502
80512
47744
14976
80516
14981
80520
80524
14989
80532
80540
80542
80545
47779
15011
47780
80547
15018
47786
80559
80562
47797
47800
15032
47801
80571
47807
47813
15056
15061
47831
15066
80604
47843
80611
15078
80620
15086
15089
15105
80643
15108
80648
80650
47883
15117
15119
47888
47889
47894
47896
47900
47901
80675
80679
15144
47911
47914
47912
47917
47920
80691
47924
15160
15168
15169
80705
80708
15172
15174
80712
15177
15190
47965
47966
80734
15201
80737
15203
80744
47977
47989
47995
15230
15234
48002
80771
15236
80774
48007
80776
80772
15243
80779
48017
80786
48018
15256
80796
80798
80803
48036
48037
48039
80810
48042
80813
48048
15289
15295
48065
80844
48080
15312
80851
15320
15324
48093
48096
48097
15337
15338
48111
80881
48118
15351
15357
15359
80898
48131
15366
15367
15372
80912
48145
15377
48147
80917
15381
48152
48157
80929
15395
80932
80931
15399
15400
80943
48176
80944
48183
80952
15416
48185
15417
80957
48190
15424
80964
48196
80967
15435
48212
48213
48216
15453
80995
81003
15469
15475
48252
15490
48259
48269
81040
15505
15509
48279
48284
81057
48293
48295
81067
48301
15534
48304
15537
81077
81079
15544
81080
15546
48312
81084
81085
81083
48316
81086
48323
81096
48329
48330
81100
15565
15567
81113
81124
81128
48361
15594
15595
48362
48365
81131
48372
81147
15615
48384
81153
48390
81159
81165
81166
48399
15629
15632
81173
15643
48411
48414
48419
15652
48422
48437
15674
48442
15676
48445
15678
48459
48465
81234
15699
48467
48473
81259
48492
48491
81261
48496
81280
15755
81292
15759
15765
15777
15779
48548
15780
81322
81326
15794
48565
81335
15807
81344
15809
48585
81356
15821
81359
15824
15823
48596
48600
81369
81371
81375
81377
15843
15847
48620
81399
48634
48636
81406
15873
81409
81424
81426
81431
81435
48675
81445
81446
48679
81453
15921
15924
15927
81468
81471
15936
81474
15939
15941
81478
15944
48715
48728
81511
81512
15977
48750
81519
81520
15986
48756
15991
81528
48765
15999
81542
16013
48791
81562
16033
16037
48809
81578
81579
48814
81583
16049
81592
48832
16072
48846
48847
48854
81622
48856
81628
48860
16096
16098
81634
48868
48871
48875
81652
16121
81665
48900
81669
16145
48921
16161
81700
48934
48935
48936
16172
16173
81711
16179
16181
16183
16185
81723
81730
48963
48971
81741
48984
16219
81756
81757
48989
16226
48996
81767
49001
49006
49009
16245
49022
49025
16268
49036
49037
49048
49051
49052
16287
81824
81826
16298
49068
16304
16308
81847
49080
16317
49086
16321
49090
81869
16335
49107
16342
16344
16346
81887
16353
81891
49125
81893
49126
49131
81901
16366
16371
49142
16375
49148
81916
81929
49169
16407
16411
16414
81952
16419
49199
81971
49206
49217
16449
81990
49223
49224
16458
49226
49227
16463
82002
82006
49238
49242
49244
82019
82037
82045
82047
49282
16516
16519
82062
49295
16526
49298
82069
49302
49308
16550
49318
16551
49320
16554
49324
16559
49328
82102
16568
16585
49353
49355
16589
49360
49364
82137
49370
82139
49378
49379
16613
16615
49383
49386
82157
82163
82164
82171
49411
49413
16650
49425
16662
16671
82209
49443
49449
16681
16683
82220
49450
16691
82227
49461
16694
16696
16697
49468
82247
49480
49501
16736
16739
49514
49518
82287
16752
49520
82290
49531
16772
82311
16782
82319
82324
49560
16792
82332
82333
16796
49567
16804
82340
82346
49582
16814
82350
49584
49589
16832
82371
16836
49610
49628
16863
82402
49635
16871
82416
82417
16886
16887
82427
16903
82440
49681
16918
49689
82459
16930
16931
82469
16946
16951
82494
82495
49728
82496
16961
49732
82505
49740
82514
16980
16982
16990
82526
16993
82532
16998
82537
82538
17008
17010
17011
82549
17015
82553
49787
49790
17025
49793
49797
82566
17031
49800
82569
17033
49803
82572
17036
49809
49813
17052
17054
17059
82595
82597
17073
17079
17083
82623
49855
82624
49858
82630
82641
82647
17113
82649
17116
49888
82657
82664
17128
49907
17144
17155
17169
82706
17171
82712
49947
17182
17183
49953
17189
82726
17205
17207
17213
17223
49991
82761
82764
82767
17231
17243
82784
82785
82791
17256
82794
82795
50030
50038
82809
50054
82822
82824
17287
82831
17298
82834
50075
17309
50077
82851
17315
17320
17323
82863
17329
82866
17330
82868
50102
82871
82872
82875
82882
50116
17348
17352
17356
17365
82902
17370
82909
50144
50146
82915
82916
17381
50150
17384
50166
82935
50168
82937
50172
82941
82943
50177
50181
50186
50188
17420
82959
17425
17432
50201
82971
17440
17452
17453
17454
82992
50227
17462
50231
17465
83005
50238
83009
17475
50243
50245
17478
17480
17488
17492
83030
83031
83032
17497
50268
83038
17506
83043
83045
17510
17513
17517
50289
50291
17523
50308
50309
83083
17548
17555
83092
50325
83097
50330
50331
17565
83115
50350
50351
17585
50360
17592
83130
50363
83132
50368
17601
50377
83153
83164
50402
83175
83179
50423
50426
50433
17669
17670
83208
83213
17679
17683
17684
50459
83233
83239
50475
17714
50483
83254
83255
17718
50495
50496
50499
50500
17748
83286
83289
50522
83304
17769
83308
83310
83316
17794
83334
83338
50573
50574
17807
17808
17809
17812
50582
17816
83353
17829
17831
17832
17833
83371
50606
17841
50613
17848
50623
17857
83395
83401
50643
83417
17882
83418
83420
17885
17883
17893
17898
83444
83448
83454
50699
83474
17939
17941
83478
17943
17946
17947
17948
83482
83483
17952
50721
83488
50729
50730
83498
50734
17968
50737
17974
50744
83520
50752
18001
18012
18015
50790
50794
83575
83580
18044
18051
18052
50829
18063
50831
83603
50836
50838
18071
83607
18073
83609
18074
18077
50847
50849
83629
18095
50867
50869
83639
50871
50874
83650
50882
18116
83653
83654
50889
83662
83670
50903
50906
18143
83693
50927
18160
50940
50946
18180
83719
83721
50956
50957
50961
18200
50973
50980
50983
83752
18220
83761
83763
18235
51005
83774
18245
18250
18259
18265
18270
18272
18276
51045
83815
18283
18290
51060
18299
51070
51074
83851
51085
83854
18323
51097
18330
18333
18334
83872
51105
18339
18340
51111
51118
83889
83891
51125
83900
83901
51136
83910
51142
18375
18378
83915
51148
83917
51149
18383
83921
18392
83928
18394
51163
18396
83943
18407
18427
18429
18432
83968
83971
51204
18435
18447
83985
83988
51221
18463
83999
84001
84003
18468
18470
84007
51242
51247
84020
18488
84025
84026
51259
18490
18498
84045
18510
51288
18522
51292
51295
51297
18535
84076
51313
51314
18549
18550
84085
84089
18555
51329
18562
18565
18571
84107
84112
51346
84121
51359
51361
51362
18600
84137
51369
51375
51376
51382
18617
84161
51395
84167
84169
51402
51403
18640
18646
84185
84186
18651
84196
51433
18665
18669
51438
18672
84222
51455
18687
18689
18690
51459
84230
18698
51468
18702
18704
51474
18712
84251
18716
51485
51488
18722
51491
18723
18726
18731
51507
51510
18743
84280
18746
84285
18755
84295
84304
84305
18770
51539
18771
84308
84306
18772
51544
84313
84320
51560
84329
51569
18803
51571
84342
84344
84345
18811
51581
84351
18817
18819
51590
18828
84365
51598
18832
18835
18837
51609
18843
18845
18849
18854
51623
51644
18881
84421
84422
18887
18888
18903
51672
51676
84446
18911
18916
18919
84456
51687
51690
84460
51694
51698
51706
18939
51711
51717
84491
51726
84498
18964
18967
51736
51741
84517
51750
51751
18990
51764
18998
84534
84535
84543
19007
84549
51786
84555
19020
84556
51789
84569
51802
51805
51807
19040
19042
51811
51812
19060
19072
84611
19083
19085
19087
84627
19094
51866
84634
19102
84642
84644
19108
84648
84649
19113
84651
84653
19120
51888
19124
84660
51895
84677
19143
84685
84686
51928
19161
19165
51938
19172
19173
84711
51945
51947
84721
19186
51955
19187
84727
51960
51961
51967
19201
19203
84747
51979
19217
84754
19224
84768
19232
19236
19242
84783
52015
19251
52024
52028
19262
52032
84801
19266
52035
52036
84810
84820
19285
19289
19290
84830
19295
19296
84832
19302
19313
84856
19321
84858
84857
84864
19337
52112
19347
84895
19362
19365
52134
19368
52137
52139
84912
19386
19393
19397
19399
52167
52171
52172
52177
19411
52180
19413
19414
52183
84957
52190
52195
52198
52199
52200
19434
19436
84976
52211
19448
19449
52222
84992
19458
52230
19464
52236
85007
52239
85011
52244
52247
85016
19485
52254
85027
19492
19494
52262
19505
52280
19513
85049
85053
85055
52287
52290
19532
52301
19533
85069
52307
52315
85099
52332
85101
52336
85106
52340
85110
19577
52347
52350
19589
85129
52364
52373
19608
19616
19622
52391
85160
85161
19626
85166
85167
52409
52411
85182
85183
85186
19650
52426
85195
85194
52431
19665
19676
85214
19681
19686
85222
52454
85236
52471
52473
85242
85248
85252
85253
19719
52493
52499
52501
19736
52507
19740
52509
52510
85277
19745
19749
85289
85290
19754
85293
52526
52529
85298
85302
52534
85317
19783
85320
19784
85326
19792
19793
52560
52561
52562
85333
52563
19805
52578
85346
85347
52586
52587
85357
52596
19830
85369
19835
52608
52613
19846
85383
19854
85396
19866
85403
19879
85417
85418
85421
19897
85435
52667
19904
19906
85448
52680
52686
85458
52696
85469
19936
19944
52714
19948
19950
52719
52724
19958
52740
52744
52751
19984
85527
52766
52768
85538
85539
20005
85542
52779
52784
85553
85558
20023
52797
52799
52801
20035
85575
52813
20056
52824
20058
20060
20069
85607
20073
20078
85618
20084
20097
52866
85640
52874
52879
85653
20119
52891
85660
20124
20130
85668
85671
85673
85674
52907
20137
20141
85677
20146
20148
85687
85689
20154
52922
52924
85690
52929
52930
20162
85702
20173
20174
52945
20182
20185
20186
52959
85727
52962
20195
85732
85733
85744
52977
52980
20213
52983
85752
20220
52993
52999
20232
85771
85775
85777
85780
53014
53020
85789
20255
85793
53026
20267
20276
20280
53049
53057
85826
53063
85832
53066
53073
20307
85852
20317
20321
20322
85859
85860
53094
85864
53099
53101
20338
85877
20343
53116
20351
20352
53124
85893
85894
20360
85897
85903
85904
85909
85913
53145
85916
20385
53156
53159
53167
53168
20404
53175
85947
53181
85951
20430
85970
53203
53207
53217
85988
20459
53232
86003
20477
53246
20480
20484
20488
86028
20492
20502
53278
20517
53296
20535
86072
86073
86075
86076
20543
86084
86087
20552
86088
86093
53325
20572
20573
20575
86119
20585
20591
86133
53367
86135
86137
53371
53376
86145
53383
20632
86180
86182
53416
86185
86190
86195
86198
86202
53436
20670
86207
53441
86211
20685
20694
86230
86234
86246
86247
53481
86256
53493
86263
53499
20733
86269
53504
20738
86275
86276
20740
20745
53521
20754
53523
20758
86302
20767
53534
86306
53539
20788
20791
53561
53562
20793
86334
20801
20805
20810
20818
53587
86356
20826
86362
53596
20835
86374
86377
86379
86387
20852
20859
20862
86398
86407
20873
86416
53650
20889
20891
53659
53662
53663
53666
20898
86436
86437
20902
86442
86443
86444
53682
20916
20928
53701
53703
20936
53705
20939
20942
20949
53719
20952
20954
86492
53724
53726
20964
86500
86503
86507
20971
86511
53746
53750
53753
20985
20987
20991
20992
86529
86530
20998
21001
21007
86550
21015
53787
86561
86568
53800
21037
21039
21040
86578
53810
21045
86587
86590
86592
21061
21062
86602
86617
21090
86633
86643
21111
53883
21116
53888
86660
21126
53896
53902
86670
53907
21145
86683
53917
86688
21163
53934
21167
53937
21172
21177
21178
86715
21183
86726
21193
86729
21197
86734
21199
86739
53975
86752
21219
21220
86755
86763
53996
54001
21235
21240
86779
86788
54023
86792
54026
54028
54034
86802
54037
21271
54042
21276
54049
86822
21287
54063
86831
54065
21299
86837
54074
54076
86845
86856
21320
54090
86859
86863
86869
86870
86871
54104
54108
21342
86886
54121
21362
54145
86916
86917
86920
54157
21390
86930
54163
86931
21398
21402
21404
54172
54176
21408
54177
21412
21415
86954
86966
86969
86975
54208
54221
54222
54225
86995
54227
86997
54238
54243
21476
87016
54249
21481
87025
54265
54269
21503
87042
54277
87045
87050
54283
21519
21523
21525
87062
21529
21535
54314
21553
54324
87093
21563
87101
21568
87105
21580
54349
21590
54360
54361
87132
54366
21613
54385
54386
87155
21620
21624
21627
21630
21631
21632
87174
21644
87180
87186
54421
21656
21661
54431
87200
21664
54435
87204
21677
87216
21680
21687
21691
87230
54466
54475
87253
87255
87261
87262
87263
21733
87273
54505
54512
87289
54524
21757
21756
54530
87301
54537
54540
87308
21776
54545
87316
87317
21785
21789
87326
87325
87331
21796
21799
87340
54578
87353
21821
54591
87363
54596
87365
54603
21836
54609
87385
21849
87398
21865
54634
21875
54647
54648
87418
21888
21893
87432
21896
54667
54677
54678
87447
87456
21923
87465
54708
21941
54711
54712
21947
87490
87491
21956
21959
87499
54733
21970
54745
87515
21980
21982
87519
54752
21987
87528
54762
54765
87534
54770
22005
22008
87550
54786
87556
22022
87560
87561
87562
54798
54799
87569
22046
22048
87585
54819
22054
22057
87600
22071
54841
87609
54844
22076
22079
54847
22083
87622
54861
87632
22100
87637
87638
54870
54873
54874
87646
22112
54885
87660
87666
54901
22136
22142
87688
54928
87702
22171
87722
54955
54954
87724
22190
22196
54969
54971
22221
22222
87758
54989
22231
55004
87773
22241
22242
55012
55015
87786
22252
87788
55025
87794
22258
87804
55036
22271
55050
55051
22293
22297
22298
22303
22305
87855
55092
87862
55098
22331
55100
55101
22333
55106
55108
55111
87889
87890
87894
55141
87910
22376
55149
55150
55152
87922
87929
87930
22395
55165
87934
87935
87938
22403
87939
55180
22419
87957
55191
55193
87964
22430
22438
22450
87996
55228
88005
55240
88008
88010
22477
22481
55255
88024
55261
22495
88032
88031
55267
22509
22513
88049
88051
88055
55293
22529
55300
88076
22542
88082
55314
55318
88087
88093
22557
88095
22558
88101
55336
55337
22571
55341
55345
55348
22580
88116
22584
88128
55361
22596
55369
88139
22606
22614
55384
88157
22625
55415
55423
55426
88196
55441
22674
88211
55448
55452
55453
55454
88220
55459
88228
88233
22698
88236
88239
22704
88243
55477
22717
55486
22720
88264
88268
22738
55508
55510
55511
22750
22753
55521
22768
88309
22776
22778
22789
88332
55565
55569
88348
88358
55591
55593
55604
88374
22844
22846
88392
55625
88393
55627
55631
88409
88417
55657
88427
88428
55659
88433
22897
55667
55672
88443
55676
22912
55681
88448
55686
88464
55697
22928
55700
55706
22957
55729
22963
22975
22977
22979
22981
22982
55751
88520
55750
88521
55755
22991
88527
22997
88538
88539
23010
23015
23019
88556
55792
55795
88572
88573
23042
88578
55813
55816
23053
55822
55823
88589
55825
55833
23068
88606
23072
88612
23078
23087
88632
88637
23103
88643
88653
55885
55887
88660
23139
55908
23145
23153
55929
88702
55937
88709
23177
88720
88722
55955
23190
23191
23193
23196
88734
88735
88743
23208
23209
88750
23220
23227
88763
55998
88767
88774
23241
23242
56011
88780
23247
56017
88787
23253
88792
88793
56036
23269
23271
56042
23275
56047
88819
23284
56056
88824
88831
88834
56067
23300
23303
56076
23310
56079
56083
56088
23322
88859
23332
23335
88875
23340
88876
56109
23343
56113
23358
56126
56130
56131
56132
88899
56136
88910
88914
88919
56152
88923
23388
56157
56160
56166
88936
56173
88943
23408
23411
56191
23423
88963
56197
88966
56199
88968
88972
23436
88978
23455
89000
23465
89004
56241
56249
23482
23483
89022
56257
89026
89027
23495
56276
56277
89046
56286
23518
89054
89057
23521
56290
89060
56293
56297
89067
89075
23541
23542
56311
56317
23551
23556
89099
89100
89101
23568
23570
89107
89108
89112
23578
56349
56351
56358
89129
23595
89132
89134
89140
23607
23608
89148
23614
56391
23624
56393
23626
89168
56403
23638
23642
89179
89183
23656
56425
23658
56438
89208
23672
89216
56449
56472
89240
89242
23711
89248
23714
56488
23725
89269
89276
56516
56521
23757
89294
23759
56525
23761
56530
23764
23773
56553
89322
56556
89330
89336
56569
23801
56580
56583
23817
89356
56590
56591
56593
23827
23829
23839
23840
23842
89380
23844
89381
23845
23856
89396
23870
56644
89415
23880
89418
89419
23885
89427
56673
23906
56675
56679
23913
23915
23916
56683
89455
89461
89462
23927
23929
89466
56700
23933
56705
23938
89475
23942
89480
23947
23948
23953
56722
89491
89494
56732
89505
23971
56747
89518
89522
23988
89539
24008
89545
89546
56777
24010
56784
24019
89556
89555
56798
56811
24044
56818
24054
24055
89592
56828
89598
24065
56842
56845
24078
89616
24080
89622
24091
89629
24102
89640
89645
56877
24113
89651
56892
56898
89671
89685
89688
56924
24158
89697
56936
56940
89709
89712
89716
24180
89721
56954
56955
89725
56962
56963
89732
89733
24205
89744
24210
24214
24216
24217
56998
24232
57000
24238
57007
89785
57020
89789
57026
24262
89804
24270
89809
89811
89820
89822
89829
89830
24293
89840
24306
57074
57076
24314
24315
24316
24322
57091
89860
24324
24327
57095
89867
24331
24333
57103
24340
24342
24345
89883
24350
24352
57122
57126
24366
57137
57139
57144
57156
24392
89931
24399
24400
57169
24407
89946
57179
24419
24420
57189
57197
89967
89970
89979
89981
89987
24451
57224
24457
57225
57226
57230
89999
57237
24470
24474
24477
24478
57249
57251
90028
57260
24495
90032
57267
90036
24505
57274
57275
90045
57282
57287
57289
57291
24529
24547
90091
57324
24557
24562
57331
90100
24576
24578
57359
24593
24594
57364
24608
90146
24613
24621
57393
90162
90165
57401
90169
90171
24640
90177
90178
90181
24647
24653
90193
24657
24667
57440
90209
57442
90212
24686
24688
90228
57465
90233
57471
24703
24705
24706
24712
90249
90251
24718
90259
24725
57500
57505
24739
57516
90306
57540
24774
24775
90312
57545
24779
57547
57552
57553
90334
57571
24804
24805
90345
90352
90363
57597
24835
90372
57605
57610
57615
90387
24864
57635
90407
24873
57642
24875
90411
57641
24880
24881
57657
57659
24897
24898
57668
57675
24908
24912
90450
57685
57688
24920
24925
90464
90467
90469
90473
57706
57723
90494
57727
90503
90515
24980
90520
57755
24988
90526
24991
24998
25004
90546
25011
90548
57789
90559
57791
25025
25026
25028
25031
90569
57805
90574
25038
57807
25042
57822
25056
57828
57832
25065
25067
25071
25083
57852
90623
25092
90637
57873
57882
57883
90656
57893
90663
90665
57897
90672
57907
25139
57911
25149
90691
90698
57935
90704
57945
25180
25185
25190
90726
90728
25198
25202
90740
25206
57975
90747
90749
90752
25221
57994
25227
90764
90765
57998
90767
90768
58000
25226
90784
25252
25255
58023
90797
25268
90808
25273
90809
25275
90816
58049
25284
90821
90824
90826
25292
90829
25293
90835
90845
90847
90859
90863
58097
90885
25349
90893
58126
90895
58132
25365
58138
90911
90913
58153
25387
58164
25411
58183
58184
90951
58186
90955
58188
90957
58187
58198
90970
25434
58218
58219
90986
90992
90993
25461
25464
58233
91002
91003
58235
91016
91020
91021
25485
58255
25492
91029
58262
25495
91031
25500
91039
91045
91046
58281
58283
58289
58293
91065
58299
58301
25534
58305
91074
25544
58318
25550
91091
25558
25559
91098
58337
58342
58348
58349
58354
25588
25591
91128
25592
58377
25610
58379
91151
25616
58389
25623
25629
25638
58406
25640
58411
25645
58416
91187
58419
58422
25655
91191
91193
58424
91196
25660
25663
25666
58435
91210
25676
91219
58455
91223
25689
58461
25695
58463
25708
91246
25711
91250
25715
58484
91259
25723
58502
25735
91272
25742
25744
91280
58516
58517
91287
25753
25754
25760
25762
58532
58535
91305
25772
58542
58543
25775
58545
91319
25783
58551
91321
25791
91328
58568
91336
25810
58579
58591
25824
91362
25833
91369
58607
25841
91382
58619
91387
91390
91392
25857
25858
91395
58628
91402
91406
91411
91414
91415
25883
58652
25887
58656
25893
91431
91432
58667
58668
25901
91444
91445
58676
91447
91449
91452
25918
58686
91466
91467
25932
91468
25935
25948
91487
25954
58722
25958
58731
91500
91505
25972
91508
25977
58746
58749
91533
58772
26007
26010
26012
26023
26029
91569
58801
91572
91573
58807
58809
26042
26043
91585
91593
58826
91596
58848
91619
26089
58858
58860
26095
26096
58863
91631
26102
91646
58879
91648
58883
58884
58887
91656
26125
26127
58901
26137
91673
91675
26140
58911
58913
26148
91689
91694
26161
58933
91705
58945
26178
26179
58952
91722
26186
58958
91733
91742
58975
26207
91745
91756
91758
91759
26222
91766
91767
26231
59007
91781
26246
26249
91793
26261
59038
91815
26279
91817
26283
26286
91822
59058
26292
91837
59069
91841
91842
59080
26313
59085
26321
59092
59093
91863
91864
91865
26329
91871
91880
59113
26346
26348
59118
59121
91896
59129
59131
91902
91904
26378
26380
91917
91918
91916
59152
91922
59157
26393
91930
26397
59168
26404
91943
26408
59177
59181
91949
59183
59191
59196
91965
91966
59206
26439
26440
91978
59214
91984
91988
91990
59231
59238
26474
92012
92014
59248
26481
59250
59254
92027
59261
26496
92033
26499
59270
92038
92040
26507
59279
92047
26512
92054
26522
59292
26528
26530
59302
26537
26539
59325
59327
59336
59339
26582
26585
92128
59361
26600
26604
59372
92143
92148
92152
59385
92155
59388
59389
26624
59394
26631
92170
92172
92175
59407
59409
26642
92191
92194
26667
59438
59441
92214
26678
59453
59456
92228
26697
26703
59472
26706
26709
59481
26713
59483
26718
92255
26720
92257
26721
59492
92262
26730
92269
92286
26753
26755
26756
92302
26768
59537
26772
92313
26779
92330
59562
26797
59569
92338
59577
59578
59588
92358
59592
26825
59594
59593
59595
26837
92373
59605
26839
26841
92381
59614
92383
59622
92397
92401
59640
26872
92412
59648
26883
92421
92423
26888
26890
59659
92426
92428
59663
92444
26913
59682
92450
92454
26928
59701
26935
59705
92475
92480
92485
59718
92487
92494
92496
92502
26968
92508
26972
26976
92512
92514
92518
92522
26993
92529
92531
92533
27006
92551
92557
59790
92563
59797
27048
92588
27054
92592
27060
59828
27068
59838
92607
92610
27076
59845
59848
92618
92621
27091
92631
92639
92641
27106
92647
27113
27121
92658
92660
27125
92665
27130
27129
59900
59912
92680
27147
92686
92689
27168
59939
59947
92716
27185
92722
92725
92727
59959
59971
59972
92741
59973
27207
59978
92752
59986
59987
27219
59996
59998
60005
92773
92777
60010
60012
92781
27245
92790
92799
27263
60039
92810
92817
92825
60062
92831
27296
60069
27305
92844
92846
27312
27315
60085
60086
92855
60092
92862
60099
92867
27335
92879
27344
60113
27343
92886
27350
92888
27353
27354
60122
60128
92898
92907
27372
27378
27392
27393
60164
27397
27399
60168
27403
92943
92945
92947
60183
92955
92956
92958
92963
60196
27431
60200
92969
92975
92982
27448
60216
27455
27461
92997
93000
60236
60237
93008
27482
93019
93025
60261
60269
93037
93040
27506
27507
27515
93055
60288
93058
60291
60292
27525
60299
60301
93071
93083
60316
60320
60321
60323
27560
60329
60330
93109
93122
60355
93125
93128
93130
27600
60379
27614
27628
60398
60399
60404
60407
93177
60409
60414
27647
60416
60417
60420
27653
27658
27661
60430
27662
27663
60432
27686
93233
93243
60486
93255
93258
27722
27730
27735
93275
93279
60512
60513
60514
60518
27753
60528
93298
27763
60538
93313
93316
60549
27783
93321
93323
93325
60557
27798
27800
27801
27805
27807
60575
60577
60580
93359
93363
60599
27831
27834
93372
27839
27841
93379
93382
60625
27859
60632
93402
60635
60641
93410
60650
60652
27886
93428
60664
27899
27900
60671
27904
93440
93441
27907
60676
60677
60679
60683
93456
27929
93467
93469
60704
27936
60706
60710
93487
93489
93490
60723
93494
93495
93506
60743
60753
27993
93535
60773
60791
28028
60798
93568
93570
60807
93579
60811
60813
28046
93587
93588
93589
60820
60824
93593
93594
93596
93605
93614
60847
60856
93624
60858
28091
93627
28099
93637
28101
28105
93641
60877
93646
93647
28115
93658
28123
28125
28126
28128
60897
93677
93683
28148
28151
60921
93689
60922
60926
60927
60928
60937
93707
60941
28174
60944
93714
28183
93729
60962
93736
93737
28205
28224
93761
60995
28228
61000
61002
61004
28241
61013
61014
93781
93787
61026
28261
61032
61033
28268
28273
61052
28289
28290
93829
28294
28302
61080
28320
93857
28325
28327
93865
28329
61102
93871
61103
28343
93884
61119
61121
28353
61123
93898
28362
93901
28366
93904
61143
93911
93914
28392
28396
93935
93938
28402
61172
28405
28407
61177
93946
61182
28424
93960
28440
93979
93980
93981
28448
61222
93995
61233
61234
28467
61235
94006
28480
28481
28482
61261
28494
28496
28502
61271
94041
61275
94055
28523
94060
94064
28530
28532
94069
94070
61304
61306
94075
61310
61314
28553
94089
28556
61328
28570
28574
61345
94116
61349
61354
28588
61358
94127
94131
28598
61369
94142
61376
28612
94154
94172
28637
28643
94180
61413
61414
28648
94187
28653
94190
28665
61435
28669
61441
94211
28677
61446
94226
61459
94228
61460
61458
94230
61464
28697
28698
61469
94237
28703
94242
94247
94248
28713
61482
28722
94262
94264
94272
28737
61505
28740
61516
61518
61519
28756
28763
28769
94315
61550
61551
94319
61553
28788
94324
28805
61577
28817
94354
61593
94373
28838
61606
28841
94377
94379
28846
61615
28847
28850
28855
61632
61634
94403
94404
28866
28869
94414
28882
28883
94422
94427
94429
94431
61668
61674
94444
28910
61679
61681
94451
61683
94456
94460
94464
94469
61704
28936
61707
94480
28947
28948
94487
61724
94495
28962
61742
94511
28982
94526
61758
94527
94534
28999
61780
29021
61789
61793
61794
29027
61797
29030
94565
29040
61809
29045
29048
29049
61818
29055
94598
29063
61835
61836
29075
61848
94618
29082
29085
29088
29090
29091
94628
61864
94635
61868
29101
61875
94644
29109
94646
29108
94650
29117
61886
29119
94655
61894
94665
29135
61909
94677
29145
94687
61921
61922
94690
61932
61935
94711
61943
61946
94716
61955
61964
94734
61970
61971
94740
94741
94743
61978
61980
29216
61987
94756
29221
61991
94760
94761
94762
61998
94767
94773
29244
94781
62012
62018
62030
94800
62033
94808
29277
94814
62048
29291
62072
94841
94848
62082
62094
94862
62098
62100
94870
94871
29334
62110
62114
62116
94888
29363
94908
62143
94912
62146
29382
94918
62153
29388
29391
29393
29396
62166
94936
29406
94944
94946
62188
29424
62194
29429
94970
94976
62211
94979
29453
94993
94998
95001
62238
62239
62240
62242
62243
62247
62252
29491
29495
29498
95035
95039
29509
95054
62287
95059
95061
29527
62299
62304
95073
29539
29542
62311
62312
62310
29546
95091
29557
95095
62336
95106
62339
95110
29574
29576
29578
95122
62360
62363
62366
95141
95142
95144
29621
62390
62403
29640
29647
95186
62419
29657
29658
95202
29670
29677
95218
95220
62455
95228
95237
95250
62488
95258
95263
95267
95270
62504
95273
29740
62522
29759
29763
95300
95301
29766
29776
95313
95316
62551
95326
62560
62562
95334
29800
29806
29808
62579
95348
29814
62583
62586
62591
29830
29839
29846
62629
62638
95409
95416
62650
95431
62664
95437
29904
95443
29908
62677
95446
62679
29913
62694
95470
95473
62708
95481
29959
95496
62734
95504
29973
62742
62744
29982
29987
62755
62762
29997
95534
95536
62775
95550
95552
30017
95558
62794
30028
95578
95580
30046
95586
30053
30064
95604
62844
30077
95613
62854
95626
62860
30097
30100
30102
62874
30108
95649
95656
30126
62896
62897
62900
62904
30142
30147
95687
62922
62924
30157
95693
95700
62944
62945
30177
62947
30180
30176
30185
62956
30190
95726
62961
62971
95747
95760
30224
95761
95763
95768
30235
30236
63005
63011
95779
30245
63014
95785
95790
63028
30262
30265
95804
30277
30281
63058
95831
30303
63072
63077
63078
95847
30310
30314
30316
30326
30327
30330
30339
30342
30343
30344
63112
95882
63116
63131
30364
95901
95902
30367
63140
95908
30383
95923
63163
63164
30401
63171
95940
95941
63175
95944
63178
30411
95958
63192
95963
63196
95966
30431
63199
63198
30441
63212
30445
63219
30452
95991
63224
95996
30465
96001
63238
30478
63260
30494
63263
96036
30506
30507
63276
96045
96044
96058
96064
96065
63299
30532
96070
96071
63306
96075
96081
63313
30547
96107
30573
63345
96114
63347
96116
96129
30594
30599
30606
96142
30610
96151
96156
63393
96173
96174
63412
63413
30646
96190
96191
30658
63427
30663
96203
63438
30670
63458
30696
96235
96236
30708
63486
96260
96262
96264
96265
30731
63501
63504
63505
96275
63511
30744
30746
96283
96284
30749
96305
30776
96315
96318
96319
30800
30803
63577
96346
96347
30811
96352
63585
96354
30819
30824
96368
63602
30838
30844
63615
30848
30847
30863
63641
30878
96416
30881
30882
63655
63657
30892
96432
30900
63676
30911
63679
96451
30920
30921
30922
30935
63705
30939
96478
63711
30947
96492
96494
96495
63729
63733
30966
96503
63743
30976
30983
30986
63759
30993
30997
30998
31001
96538
63775
63779
96549
96550
63786
63789
31022
31028
63800
63809
31043
31047
31048
31053
63822
63824
63828
63830
63831
63835
96605
96606
63841
96611
31078
31087
31089
96628
96631
96632
63866
96635
63872
96641
31107
96643
96647
31119
96662
96670
63906
31139
96681
96682
96690
96691
31157
63927
31162
63932
63933
31164
31172
63945
96713
96714
31182
96718
31187
63964
31213
96750
31221
31225
63996
96766
64002
31238
96778
96780
96781
96782
64016
31249
64022
64025
64029
64034
64039
31273
64042
96823
64055
64057
64059
64061
31297
96835
31301
96841
96844
31309
96845
31317
31319
31329
31330
96866
96868
31333
64102
96878
64113
64116
96885
64118
31354
64131
96910
31375
31376
96911
64147
96915
64150
64152
31385
96920
96924
96925
31393
64164
64172
64177
31410
96951
96958
64201
64208
64216
31457
64226
64227
31459
31461
97000
31465
97002
31473
97016
31480
64257
64261
31497
64266
97040
64276
64281
97050
31518
31523
64292
31526
31535
97071
64305
64306
64307
97077
31550
97088
31553
97090
64327
97096
64335
64337
31581
31588
31589
64358
97130
97131
31595
97132
97140
64373
31605
64375
31612
97150
64392
64404
97172
97177
97180
97183
97185
31651
64422
97192
97196
64429
97198
64431
31664
31663
97200
97207
97210
97211
97212
97214
64452
97221
64456
64458
31693
31698
97239
64472
31706
31707
64477
97250
31719
97256
31721
97258
64502
64506
31746
64518
97292
64527
97297
97301
97304
97305
31768
97309
64547
31784
64553
97321
31793
31796
64565
97334
31799
31801
31820
31839
31851
64620
97390
64631
64636
31874
97410
97411
31877
97417
64649
97421
97423
31891
64664
97441
64673
97445
31913
31914
64683
97455
97458
97460
97464
31931
31932
97470
64702
31935
97473
97472
64708
64711
31945
64714
64725
31970
31974
97512
31978
32004
32015
64784
97553
32018
64787
64788
64793
64798
97568
32040
32047
97584
32051
32055
64824
97593
64826
32063
64837
64850
32083
64861
32094
97631
97637
64870
64873
97642
97648
32116
32119
97655
97656
64890
32123
97657
32125
64895
97667
97669
32140
97676
32146
32153
64923
64925
32158
32159
64930
64933
64935
32168
97705
64936
97707
32174
64943
32177
97715
97716
32181
32183
32185
97723
97729
97738
64971
97741
32214
97751
64988
97757
97767
97771
97776
65012
97787
65019
32253
32257
32258
32263
97799
32265
32268
97804
65039
97807
97810
65043
32276
65046
32283
97821
65057
32294
65065
65068
32301
65071
97840
32305
65074
65075
32309
97846
32313
65089
32329
65098
97868
97874
97878
32346
97893
65129
65132
65134
97903
97904
97908
65144
32376
65150
97920
32385
97923
32389
65169
97942
65174
32412
65192
32425
97963
65196
97969
32434
65201
65215
65216
32452
32455
32456
65226
65234
32467
32468
98004
98009
98010
32475
32473
98024
32489
32491
65261
65264
32498
65267
32501
98038
32503
65272
98044
98046
32521
32524
65293
65294
98061
98064
98066
65303
32538
98077
65309
65313
65314
98089
32555
98091
65327
32559
32563
32565
32568
32570
32572
98111
98124
32592
98130
32598
32603
98143
98144
98150
32614
65386
98156
65389
32625
65393
65394
32628
98165
98166
65398
32626
65399
32637
98180
98182
32650
65423
32657
65427
65428
65429
65431
65433
65442
32678
65449
65451
98223
65456
98228
32692
98235
65474
65475
32708
32711
32717
98264
65503
98288
32762
32765
